41 9994
99 9993
18 9992
2 9985
99 9984
59 9983
41 9980
36 9976
91 9974
79 9970
16 9968
67 9967
71 9966
9 9957
42 9952
12 9942
51 9940
60 9937
23 9929
53 9927
7 9926
52 9919
136 9913
99 9911
69 9908
82 9906
96 9905
120 9903
19 9898
50 9896
79 9893
29 9892
66 9885
66 9883
95 9879
69 9877
85 9876
92 9866
17 9865
74 9855
62 9854
77 9850
31 9849
21 9840
63 9833
43 9831
85 9822
47 9815
24 9812
47 9810
76 9802
76 9801
83 9785
66 9773
29 9771
32 9770
90 9764
60 9760
10 9759
126 9754
77 9752
43 9750
99 9745
20 9734
16 9731
24 9728
130 9722
82 9721
44 9714
29 9705
29 9704
95 9700
87 9698
30 9697
59 9696
29 9690
94 9688
96 9686
177 9679
14 9677
82 9673
10 9672
84 9664
29 9655
3 9652
10 9650
58 9644
46 9633
21 9629
60 9622
51 9619
94 9615
72 9613
86 9609
58 9605
41 9590
64 9584
23 9581
84 9577
87 9558
91 9557
95 9556
52 9551
13 9544
16 9539
39 9531
81 9516
59 9504
80 9501
47 9499
157 9495
51 9490
72 9488
55 9482
73 9480
90 9478
55 9476
44 9454
26 9451
25 9448
37 9446
62 9445
76 9444
24 9430
82 9429
36 9424
122 9411
100 9407
98 9405
85 9402
29 9390
108 9381
6 9374
71 9371
53 9370
63 9366
10 9361
72 9360
60 9358
36 9356
16 9355
95 9345
73 9327
72 9314
74 9313
91 9310
30 9306
41 9302
69 9301
90 9298
82 9297
17 9293
62 9289
41 9281
49 9280
173 9272
74 9268
28 9260
7 9253
58 9251
177 9246
48 9240
89 9239
41 9236
36 9224
91 9221
61 9219
5 9217
71 9207
42 9205
83 9204
14 9203
61 9201
15 9200
172 9199
7 9190
25 9186
37 9185
75 9180
24 9173
11 9172
60 9166
43 9161
78 9158
9 9156
2 9155
68 9153
71 9151
96 9141
13 9140
19 9137
78 9131
74 9130
21 9127
16 9124
52 9116
27 9114
3 9112
4 9104
79 9092
60 9091
5 9086
89 9081
34 9078
3 9075
51 9073
104 9071
67 9067
95 9065
49 9062
64 9060
95 9054
26 9053
30 9049
55 9045
55 9038
96 9030
68 9027
35 9026
8 9023
67 9021
43 9020
79 8999
71 8998
31 8991
75 8978
96 8971
99 8969
29 8967
50 8957
47 8946
87 8943
46 8939
59 8929
55 8916
50 8908
16 8905
95 8903
131 8901
97 8897
10 8891
49 8889
57 8888
24 8884
40 8883
85 8879
73 8878
22 8876
162 8871
79 8862
92 8861
96 8855
46 8854
92 8850
4 8849
41 8846
92 8844
4 8842
99 8841
91 8840
9 8831
127 8827
43 8818
65 8815
26 8814
83 8809
57 8805
14 8791
61 8786
47 8784
37 8780
25 8779
32 8776
157 8774
61 8773
88 8759
6 8758
74 8756
82 8746
85 8745
84 8744
95 8732
57 8728
28 8719
51 8709
83 8698
46 8697
16 8692
62 8688
35 8685
47 8684
74 8680
2 8671
57 8669
78 8663
15 8662
14 8656
74 8636
37 8633
24 8623
71 8622
56 8616
39 8615
96 8610
37 8604
90 8603
37 8601
95 8600
30 8599
84 8598
18 8588
85 8583
38 8573
17 8568
27 8556
66 8554
16 8549
28 8548
63 8546
88 8535
73 8531
85 8518
12 8506
50 8502
51 8497
99 8489
5 8484
55 8481
81 8476
60 8473
39 8461
89 8460
46 8451
22 8449
44 8445
105 8443
52 8434
94 8429
62 8428
91 8424
31 8423
100 8421
76 8419
78 8412
1 8411
50 8397
39 8395
20 8392
64 8388
3 8383
32 8380
6 8379
91 8377
68 8370
90 8369
15 8364
61 8353
58 8350
66 8348
27 8347
51 8341
52 8329
86 8327
12 8326
30 8322
16 8320
95 8315
33 8309
61 8303
86 8288
41 8284
88 8282
93 8275
86 8274
23 8272
17 8271
91 8266
23 8265
88 8264
88 8254
40 8250
22 8249
2 8245
77 8243
55 8242
23 8241
61 8240
29 8231
45 8229
23 8227
91 8220
6 8217
74 8216
58 8212
14 8210
90 8204
39 8203
94 8201
59 8195
43 8192
46 8186
100 8179
78 8177
30 8164
24 8162
98 8161
90 8156
34 8155
52 8154
51 8152
80 8151
67 8146
58 8142
75 8138
11 8126
49 8124
36 8118
96 8107
76 8103
42 8101
48 8098
56 8096
70 8090
42 8086
9 8084
66 8083
75 8076
2 8072
51 8069
75 8064
41 8058
7 8044
31 8036
85 8031
42 8030
93 8023
20 8020
31 8007
34 8001
58 7985
60 7984
57 7976
24 7975
47 7974
33 7973
4 7972
92 7966
79 7957
26 7952
8 7944
64 7942
59 7937
26 7927
20 7916
91 7915
63 7911
99 7905
73 7900
77 7899
2 7895
70 7873
15 7857
74 7854
64 7847
99 7846
21 7843
89 7841
19 7840
13 7836
39 7830
71 7813
1 7805
183 7786
54 7785
3 7764
62 7761
55 7747
14 7745
38 7736
90 7730
103 7723
25 7722
91 7720
103 7715
76 7713
97 7710
35 7709
21 7705
163 7701
79 7698
34 7697
98 7686
6 7681
53 7679
64 7676
6 7665
138 7663
108 7662
57 7661
85 7658
39 7657
64 7645
73 7636
60 7635
100 7633
86 7630
1 7629
97 7626
10 7624
35 7622
93 7619
15 7611
63 7606
20 7601
30 7600
3 7590
10 7588
168 7582
44 7578
42 7576
5 7570
82 7569
96 7567
38 7565
51 7563
40 7562
58 7561
96 7558
39 7548
46 7545
68 7543
20 7541
74 7537
59 7534
64 7526
42 7520
59 7518
19 7513
77 7502
87 7498
86 7497
47 7496
96 7493
65 7487
44 7482
68 7470
81 7465
5 7464
69 7450
23 7440
49 7439
52 7434
26 7432
68 7430
82 7429
88 7427
194 7423
150 7417
65 7410
64 7404
105 7402
34 7401
56 7397
48 7394
14 7388
4 7376
49 7370
106 7364
74 7347
97 7345
16 7341
42 7340
30 7337
34 7334
99 7333
16 7332
32 7330
84 7320
51 7317
24 7313
79 7312
64 7305
79 7304
47 7296
69 7285
45 7284
36 7281
15 7280
37 7275
87 7266
55 7262
97 7249
42 7247
46 7246
37 7243
34 7242
33 7236
81 7232
41 7231
19 7230
41 7228
87 7227
95 7226
90 7225
63 7224
49 7218
2 7216
13 7198
41 7187
77 7185
43 7182
16 7179
52 7176
89 7174
82 7172
12 7171
24 7167
88 7158
59 7156
98 7154
18 7148
63 7145
90 7144
76 7140
39 7133
72 7128
68 7125
45 7123
88 7114
50 7112
98 7109
17 7097
54 7096
24 7091
45 7090
106 7088
99 7086
78 7085
78 7081
48 7079
85 7069
159 7068
17 7062
6 7059
37 7057
69 7056
5 7055
52 7052
70 7050
92 7049
45 7037
54 7033
16 7031
69 7024
57 7023
10 7021
93 7018
23 7014
94 7010
142 7006
73 7005
142 7003
41 6997
70 6996
70 6989
100 6987
79 6976
95 6975
89 6964
87 6955
83 6948
161 6946
42 6941
95 6938
83 6935
11 6934
159 6932
35 6930
64 6925
95 6918
72 6914
53 6913
37 6910
22 6908
96 6905
27 6897
2 6896
63 6895
22 6894
87 6885
44 6865
25 6861
10 6859
72 6858
24 6856
96 6853
44 6851
21 6847
36 6829
25 6828
91 6826
72 6825
144 6822
189 6820
30 6817
97 6814
3 6813
11 6809
22 6804
71 6802
88 6798
52 6795
181 6787
85 6785
121 6783
15 6781
36 6776
49 6775
61 6773
42 6771
7 6760
92 6754
75 6750
59 6748
37 6746
79 6745
14 6741
48 6740
78 6736
20 6727
66 6719
74 6713
60 6699
47 6694
43 6693
90 6690
2 6674
2 6672
14 6671
18 6669
3 6667
98 6666
34 6665
31 6663
53 6645
77 6641
90 6639
83 6638
23 6633
30 6630
65 6620
73 6619
99 6617
64 6605
24 6604
17 6601
19 6594
100 6587
43 6580
60 6577
67 6576
31 6573
40 6570
22 6564
82 6562
96 6560
89 6558
56 6557
29 6555
63 6550
36 6542
57 6539
3 6536
58 6530
58 6529
13 6525
59 6524
67 6515
44 6512
92 6495
86 6489
60 6488
1 6487
8 6485
50 6481
76 6480
161 6472
19 6470
58 6469
29 6462
91 6461
96 6456
81 6455
12 6452
29 6450
93 6448
69 6447
2 6439
56 6433
20 6429
73 6423
65 6422
64 6419
1 6412
74 6393
81 6388
40 6371
28 6367
1 6366
61 6360
1 6359
19 6358
98 6357
62 6354
12 6348
56 6345
49 6342
132 6331
86 6329
51 6328
62 6327
36 6325
95 6324
86 6315
54 6314
35 6313
90 6308
65 6306
93 6304
71 6302
54 6301
18 6300
5 6289
34 6287
52 6286
80 6281
96 6271
93 6266
45 6261
23 6251
59 6239
89 6238
77 6229
88 6221
63 6220
92 6217
3 6211
59 6209
71 6206
5 6205
24 6201
69 6198
70 6189
41 6183
80 6181
88 6180
93 6179
70 6173
4 6167
68 6152
80 6148
12 6147
87 6145
52 6139
9 6135
81 6130
62 6129
88 6120
29 6113
68 6108
77 6106
71 6104
68 6101
95 6096
93 6086
129 6082
33 6065
4 6051
71 6047
35 6046
50 6040
100 6036
17 6032
47 6031
61 6030
66 6027
26 6025
70 6020
73 6016
15 6011
26 6007
57 6005
59 6004
92 6001
66 6000
15 5992
100 5991
88 5989
89 5983
87 5980
94 5979
37 5977
38 5975
87 5974
100 5973
28 5972
97 5963
59 5959
36 5958
8 5956
20 5948
46 5945
27 5941
6 5938
90 5937
8 5926
55 5923
6 5920
99 5919
3 5918
19 5916
43 5912
22 5911
61 5904
37 5902
12 5900
54 5899
97 5897
37 5894
45 5888
36 5886
41 5874
29 5869
100 5856
36 5839
100 5836
21 5834
31 5833
21 5832
20 5830
137 5828
101 5826
84 5825
33 5821
7 5811
53 5808
25 5806
42 5800
3 5796
30 5793
82 5773
79 5769
50 5765
48 5760
171 5759
82 5748
28 5744
68 5743
96 5726
80 5714
59 5713
32 5710
4 5702
81 5695
92 5686
17 5685
99 5682
15 5681
54 5671
13 5669
99 5667
33 5649
32 5647
32 5644
20 5637
12 5636
6 5625
25 5620
15 5614
8 5612
29 5611
98 5608
96 5604
88 5599
136 5598
62 5579
26 5578
83 5575
62 5573
99 5569
83 5562
9 5558
6 5552
29 5551
74 5549
79 5544
85 5540
126 5530
44 5524
77 5523
58 5522
44 5518
80 5514
20 5504
24 5492
45 5473
42 5467
59 5463
42 5458
91 5452
73 5449
42 5440
17 5436
71 5432
12 5426
60 5423
49 5419
93 5416
46 5412
59 5408
82 5405
38 5401
52 5399
18 5394
20 5393
58 5391
90 5388
5 5387
63 5386
14 5384
86 5383
35 5381
11 5377
89 5374
13 5370
51 5363
84 5345
85 5344
9 5342
76 5339
47 5337
38 5326
40 5325
53 5324
13 5320
54 5313
76 5311
62 5305
39 5303
29 5298
62 5292
69 5291
69 5277
36 5276
19 5269
86 5267
42 5252
16 5249
52 5247
145 5245
18 5243
125 5241
132 5239
74 5233
49 5227
28 5226
9 5224
19 5220
17 5206
75 5202
52 5196
37 5195
72 5189
65 5188
7 5186
2 5182
11 5181
37 5179
7 5170
35 5169
33 5167
71 5166
62 5151
72 5148
94 5141
36 5138
58 5135
20 5128
21 5122
57 5119
58 5110
85 5102
44 5100
42 5099
84 5096
44 5095
2 5091
156 5086
83 5083
89 5080
19 5073
196 5072
90 5069
13 5064
45 5062
65 5049
81 5048
32 5042
61 5041
27 5040
20 5039
59 5037
32 5035
42 5031
40 5020
53 5016
62 5015
43 5011
37 5004
44 5002
11 4993
6 4987
11 4980
76 4978
61 4976
55 4972
96 4966
50 4965
88 4960
6 4956
51 4949
62 4944
28 4940
54 4939
82 4938
83 4937
43 4912
11 4911
84 4910
81 4905
39 4901
63 4896
1 4895
27 4894
91 4889
28 4879
58 4878
40 4871
90 4848
2 4846
9 4835
12 4834
2 4832
22 4831
91 4830
55 4827
30 4824
38 4813
64 4812
29 4804
85 4802
68 4800
18 4798
70 4795
15 4793
55 4788
50 4786
43 4784
70 4777
91 4775
43 4774
65 4772
63 4766
48 4757
26 4753
69 4750
25 4741
65 4740
99 4738
30 4737
152 4734
70 4723
31 4721
5 4719
71 4715
58 4705
56 4704
18 4701
70 4698
47 4696
159 4694
59 4692
76 4686
53 4685
15 4681
28 4678
74 4668
16 4666
23 4654
4 4652
12 4650
48 4646
13 4645
80 4639
1 4635
73 4631
34 4629
91 4621
34 4620
78 4613
79 4610
59 4607
48 4604
84 4598
95 4588
95 4575
56 4569
58 4557
69 4556
91 4552
31 4550
75 4536
43 4533
107 4530
78 4513
40 4512
91 4510
53 4505
84 4503
48 4502
32 4495
33 4488
55 4487
60 4484
25 4474
63 4471
16 4469
78 4467
76 4465
100 4464
73 4456
20 4446
10 4441
82 4439
98 4438
76 4426
92 4418
97 4416
64 4415
127 4413
6 4410
78 4408
9 4402
62 4400
94 4386
44 4385
48 4379
94 4371
63 4367
59 4365
57 4362
79 4354
27 4353
76 4346
71 4345
3 4341
61 4338
72 4336
18 4324
39 4323
55 4320
21 4319
26 4316
3 4311
78 4309
91 4305
83 4304
105 4301
51 4297
31 4294
6 4288
3 4286
93 4281
20 4278
74 4276
17 4271
2 4270
1 4265
3 4262
77 4258
41 4253
47 4252
19 4250
38 4248
70 4245
73 4242
72 4241
1 4235
64 4228
54 4227
121 4225
82 4218
50 4209
83 4204
79 4199
43 4191
117 4184
66 4183
54 4169
37 4163
122 4160
32 4154
40 4147
44 4142
41 4135
9 4132
73 4125
51 4124
183 4118
89 4115
77 4113
28 4109
48 4108
49 4104
63 4087
28 4085
44 4078
52 4073
32 4072
68 4064
20 4062
100 4061
33 4059
74 4055
93 4054
70 4052
32 4042
10 4040
41 4035
11 4033
34 4030
98 4024
82 4017
58 4016
3 4013
8 4009
52 4005
41 4004
46 3996
197 3986
94 3984
84 3983
49 3982
99 3980
74 3978
5 3973
47 3967
83 3966
20 3963
37 3946
110 3942
100 3935
181 3930
35 3924
24 3920
71 3919
82 3913
86 3907
131 3906
20 3900
93 3897
23 3894
47 3892
92 3889
85 3881
51 3874
15 3868
140 3866
41 3865
180 3863
2 3862
98 3861
92 3856
46 3847
51 3843
87 3839
83 3838
35 3834
91 3829
1 3822
45 3821
15 3810
28 3806
43 3805
14 3802
32 3801
63 3795
67 3791
95 3788
74 3782
71 3777
84 3774
82 3772
4 3771
72 3769
13 3767
28 3764
124 3758
81 3754
40 3751
30 3748
38 3744
25 3742
22 3738
5 3735
32 3733
80 3729
38 3724
33 3723
14 3722
10 3721
89 3720
100 3718
87 3716
74 3715
81 3711
22 3709
70 3699
63 3693
32 3691
77 3690
31 3688
61 3685
75 3683
13 3682
92 3679
56 3675
45 3665
15 3657
46 3650
99 3648
61 3645
72 3634
79 3627
62 3625
80 3619
6 3616
65 3613
82 3601
20 3595
41 3594
8 3592
31 3591
68 3575
49 3573
40 3569
68 3567
8 3563
37 3552
74 3540
22 3538
14 3529
75 3528
98 3521
89 3519
62 3516
37 3501
62 3500
61 3499
61 3493
13 3487
70 3473
71 3467
81 3463
57 3462
59 3460
17 3455
8 3453
79 3451
28 3450
52 3446
34 3425
43 3422
71 3421
98 3415
37 3409
81 3399
34 3397
16 3387
35 3386
71 3385
97 3382
116 3374
5 3367
17 3366
52 3353
10 3340
34 3339
1 3337
69 3335
27 3324
28 3320
84 3316
15 3301
23 3300
16 3296
68 3280
46 3278
4 3274
81 3273
72 3272
71 3266
86 3263
56 3254
96 3252
39 3247
87 3241
30 3236
65 3234
99 3233
18 3231
6 3229
7 3226
46 3219
14 3216
34 3211
30 3206
99 3202
127 3196
28 3195
96 3194
89 3193
123 3192
29 3189
94 3186
86 3184
57 3175
65 3174
8 3165
4 3147
151 3128
15 3121
91 3116
92 3115
69 3114
149 3109
83 3107
3 3102
92 3099
40 3093
45 3091
68 3085
1 3074
24 3071
11 3066
16 3043
78 3040
95 3017
36 3009
6 3008
2 3007
8 3005
27 3003
23 3002
70 3001
84 3000
87 2997
27 2986
33 2985
100 2982
76 2981
17 2979
86 2972
81 2962
78 2959
43 2956
8 2945
57 2943
30 2942
62 2938
12 2933
15 2932
87 2930
29 2929
10 2922
30 2910
70 2909
96 2908
84 2906
87 2901
136 2895
9 2891
44 2884
49 2876
28 2873
28 2862
106 2859
59 2856
54 2852
75 2844
8 2827
96 2823
84 2821
60 2819
52 2814
20 2812
110 2811
35 2800
46 2786
23 2785
51 2782
136 2772
76 2771
87 2769
61 2767
33 2765
8 2764
38 2760
87 2750
77 2741
97 2739
28 2738
77 2734
29 2726
24 2721
17 2715
29 2713
53 2707
89 2702
14 2700
9 2694
25 2674
90 2672
74 2668
58 2660
41 2649
59 2647
76 2637
78 2635
36 2633
56 2632
37 2631
61 2621
28 2620
4 2619
73 2618
93 2610
5 2609
25 2607
19 2604
47 2584
83 2582
48 2580
83 2559
75 2556
26 2555
49 2553
12 2551
36 2550
193 2545
23 2538
61 2537
88 2536
86 2534
77 2525
60 2518
47 2516
69 2512
66 2509
59 2508
41 2504
9 2503
75 2500
94 2499
9 2496
54 2495
139 2490
49 2488
15 2486
3 2482
66 2481
8 2478
169 2475
28 2463
157 2461
80 2460
50 2459
36 2458
86 2457
48 2456
63 2452
64 2451
80 2445
91 2444
98 2443
95 2441
82 2436
25 2435
20 2433
95 2427
89 2418
17 2415
45 2413
66 2408
64 2404
63 2403
98 2396
9 2393
35 2386
6 2380
27 2379
98 2376
16 2360
32 2350
63 2347
40 2345
14 2342
36 2341
45 2334
44 2328
44 2327
16 2324
95 2323
59 2315
75 2308
15 2299
70 2298
40 2297
21 2288
87 2287
90 2286
67 2285
5 2279
136 2278
97 2274
97 2262
78 2259
39 2253
33 2251
63 2232
35 2230
75 2225
39 2223
44 2222
14 2220
18 2218
39 2217
20 2211
89 2208
30 2206
58 2203
89 2193
18 2192
19 2187
72 2186
134 2183
37 2179
51 2171
136 2167
54 2166
79 2165
55 2161
94 2154
66 2144
100 2141
85 2140
94 2136
21 2133
126 2128
4 2125
56 2122
46 2120
36 2117
82 2115
50 2108
63 2105
68 2097
20 2090
46 2084
12 2079
119 2077
57 2075
63 2074
75 2070
49 2069
12 2061
96 2047
25 2042
132 2039
27 2034
55 2029
60 2026
54 2021
28 2019
95 2017
62 2016
62 2012
123 2010
36 2001
40 2000
100 1979
24 1977
50 1966
21 1961
9 1960
97 1958
38 1951
83 1947
46 1942
28 1939
34 1932
3 1928
99 1926
106 1925
134 1922
28 1916
26 1913
82 1904
64 1897
52 1896
77 1895
14 1891
36 1884
99 1883
2 1879
62 1870
89 1869
16 1868
19 1862
2 1857
30 1851
59 1843
61 1841
21 1838
40 1836
35 1834
86 1833
97 1832
55 1828
79 1825
129 1822
11 1818
59 1817
30 1815
71 1813
59 1809
6 1799
55 1796
29 1792
84 1788
41 1785
63 1784
34 1781
19 1772
84 1766
22 1765
92 1759
56 1755
16 1753
49 1745
10 1744
20 1743
33 1741
79 1739
24 1733
50 1718
58 1717
89 1713
3 1707
26 1701
35 1696
40 1683
34 1674
88 1657
35 1656
67 1652
51 1648
84 1647
77 1642
35 1632
8 1628
32 1625
56 1617
81 1613
88 1609
48 1608
46 1606
33 1605
40 1600
71 1599
55 1595
75 1594
42 1580
84 1577
73 1575
8 1569
58 1568
71 1564
20 1561
80 1558
63 1554
4 1539
95 1532
6 1529
40 1528
38 1527
98 1525
83 1524
64 1523
73 1515
24 1512
55 1511
82 1509
70 1502
35 1495
13 1490
95 1483
99 1475
66 1471
64 1469
4 1458
6 1449
17 1447
40 1445
94 1440
100 1438
64 1427
33 1426
69 1424
87 1419
138 1409
71 1408
63 1400
50 1399
14 1397
70 1394
73 1393
14 1385
52 1381
90 1378
68 1377
70 1372
32 1371
26 1363
38 1362
57 1360
38 1354
91 1345
63 1343
21 1340
22 1339
3 1338
31 1335
13 1332
27 1326
77 1323
89 1322
94 1318
43 1316
54 1315
67 1307
1 1305
38 1296
29 1294
18 1286
74 1282
29 1280
76 1279
92 1278
28 1270
45 1266
71 1260
83 1255
82 1254
65 1250
58 1240
140 1237
69 1235
68 1220
26 1211
160 1205
89 1201
25 1197
80 1189
49 1181
41 1179
45 1178
34 1173
34 1171
36 1170
84 1166
48 1160
87 1157
86 1155
14 1152
136 1144
62 1137
76 1130
30 1120
63 1115
41 1114
34 1110
67 1108
58 1101
49 1097
58 1096
57 1095
17 1093
60 1090
21 1087
101 1084
35 1081
70 1079
49 1073
63 1066
1 1055
55 1054
88 1048
13 1042
32 1040
6 1039
89 1026
7 1025
69 1023
108 1017
78 1010
77 1009
52 1007
22 1006
189 1005
71 991
174 990
39 982
29 980
99 973
126 970
10 967
94 960
96 958
73 951
1 950
70 949
24 948
148 940
157 938
6 935
45 932
23 928
26 922
33 916
12 913
100 907
9 906
21 904
36 903
84 900
23 897
65 893
49 888
162 887
12 886
98 879
63 876
40 871
64 859
6 858
144 857
5 854
94 849
65 829
63 812
27 810
87 808
58 802
6 799
56 794
2 791
63 785
7 783
35 782
69 770
57 767
85 753
58 752
61 751
41 742
18 726
27 721
74 720
89 716
79 714
6 710
11 705
13 701
82 698
93 693
13 692
83 689
81 687
71 679
20 675
55 670
86 662
91 648
94 645
75 644
57 635
100 632
46 627
12 626
7 612
61 605
68 602
89 595
62 586
30 575
94 570
84 569
39 566
12 553
61 546
59 538
179 533
15 508
48 506
31 503
87 502
67 500
65 498
4 495
146 494
66 492
31 490
77 489
40 482
52 473
40 469
91 467
44 465
33 461
28 459
37 456
80 454
79 452
75 450
31 446
93 438
99 434
154 429
55 427
144 416
29 413
32 410
56 409
51 406
27 404
49 402
79 396
19 391
142 388
100 381
43 378
79 369
74 367
3 366
61 364
72 360
45 358
64 352
31 351
28 341
89 338
35 336
11 335
21 327
16 326
74 323
24 317
10 311
31 309
49 307
11 305
70 303
20 302
14 301
66 294
14 292
54 288
34 283
43 280
1 277
62 274
4 272
34 269
29 268
32 261
55 256
15 251
90 249
30 236
81 232
17 231
31 216
57 213
77 207
68 206
35 202
13 196
86 194
62 185
97 183
39 180
37 178
81 177
99 175
81 173
91 172
9 169
71 160
25 158
35 153
34 151
3 150
76 149
54 147
30 146
165 143
76 141
53 137
97 135
33 132
68 131
93 127
62 126
15 124
5 123
20 122
74 118
7 117
60 116
85 108
97 101
99 90
95 89
35 79
4 68
11 65
66 54
27 52
3 48
6 44
5 39
9 35
3 34
145 29
58 25
7 14
74 10
82 5
40 4
58 2
