82 5
57 29
9 35
3 48
27 52
35 79
15 124
30 146
76 149
71 160
81 177
31 216
29 268
34 269
62 274
49 307
74 323
35 336
28 341
31 351
4 369
51 406
29 413
83 416
67 429
91 467
52 473
40 482
31 490
99 533
62 586
89 595
100 632
86 662
71 679
93 693
11 705
74 720
58 752
7 783
2 791
58 802
21 904
69 938
73 940
63 1066
70 1079
41 1114
36 1170
45 1181
80 1189
89 1201
68 1220
83 1237
65 1250
18 1286
38 1296
54 1315
89 1322
91 1345
57 1360
26 1363
90 1378
52 1381
87 1419
33 1426
34 1483
83 1524
40 1528
6 1529
8 1569
42 1580
33 1605
29 1625
35 1632
50 1718
24 1733
33 1741
56 1755
63 1784
41 1785
6 1799
59 1809
30 1815
59 1817
59 1843
19 1862
2 1879
14 1891
52 1896
24 1916
70 1922
28 1939
80 2010
28 2019
55 2029
96 2047
100 2141
66 2144
30 2206
19 2222
70 2298
75 2308
44 2328
31 2347
98 2376
16 2379
64 2404
44 2408
17 2415
80 2445
9 2496
75 2500
77 2525
99 2545
25 2607
59 2647
35 2672
89 2772
51 2782
8 2827
1 2884
87 2901
84 2906
96 2908
29 2929
15 2932
43 2956
86 2972
100 2982
33 2985
8 3005
2 3007
92 3099
69 3114
91 3116
15 3121
78 3128
4 3147
65 3174
89 3193
96 3194
28 3195
18 3231
65 3234
30 3236
4 3274
5 3296
84 3316
27 3324
16 3387
98 3415
34 3425
8 3453
61 3499
14 3529
74 3540
49 3573
51 3575
31 3591
8 3592
41 3594
56 3675
13 3682
75 3683
63 3693
38 3724
32 3733
30 3748
24 3758
13 3767
74 3782
67 3791
31 3829
35 3834
82 3838
51 3843
98 3863
89 3866
20 3900
68 3906
71 3919
41 3942
20 3963
41 4004
3 4013
11 4033
24 4035
74 4055
44 4078
86 4118
40 4147
32 4154
43 4191
72 4241
47 4252
77 4258
3 4262
72 4336
76 4346
48 4379
94 4386
62 4400
97 4416
63 4471
13 4503
78 4513
31 4550
95 4588
64 4613
1 4635
12 4650
4 4652
28 4678
31 4685
76 4686
59 4692
47 4696
56 4704
58 4705
70 4723
30 4737
25 4741
63 4766
91 4775
15 4793
2 4832
2 4846
28 4879
96 4966
11 4980
32 5042
100 5072
44 5100
57 5119
58 5135
33 5167
7 5170
17 5206
9 5224
66 5239
100 5241
16 5249
36 5276
39 5303
62 5305
9 5342
85 5344
90 5388
60 5423
12 5426
71 5432
91 5452
58 5522
32 5524
83 5562
68 5575
29 5611
25 5620
20 5637
15 5681
99 5682
32 5710
42 5800
53 5808
33 5821
84 5825
20 5826
46 5828
31 5833
21 5834
100 5856
61 5904
3 5918
99 5919
8 5926
20 5948
8 5956
59 5959
28 5972
37 5977
87 5980
25 5983
59 6004
73 6016
66 6027
61 6030
35 6046
93 6086
44 6120
33 6139
80 6148
4 6167
93 6179
80 6181
70 6189
3 6211
65 6221
77 6229
23 6251
80 6281
34 6287
54 6301
93 6304
95 6324
86 6329
57 6331
49 6342
62 6354
1 6359
4 6388
64 6419
73 6423
56 6433
2 6439
23 6450
29 6462
1 6487
59 6524
58 6529
40 6570
31 6573
100 6587
23 6633
2 6672
90 6690
47 6694
60 6699
48 6740
50 6773
88 6798
71 6802
22 6804
30 6817
91 6826
25 6828
36 6829
21 6847
22 6908
95 6918
83 6935
100 6946
87 6955
89 6964
70 6996
41 6997
73 7005
83 7006
93 7018
54 7033
6 7059
17 7062
16 7088
39 7133
90 7144
88 7158
19 7230
37 7243
42 7247
97 7249
87 7266
64 7305
24 7313
32 7330
42 7340
74 7347
69 7364
48 7394
99 7423
69 7450
7 7470
44 7482
87 7498
51 7563
38 7565
82 7569
30 7600
20 7601
63 7606
15 7611
35 7622
1 7629
64 7676
46 7679
63 7715
94 7786
74 7854
91 7915
33 7973
57 7976
20 8020
56 8031
7 8036
75 8076
9 8084
42 8086
76 8103
11 8126
58 8142
80 8151
46 8156
61 8240
77 8243
2 8245
88 8254
23 8265
93 8275
95 8315
16 8320
49 8419
100 8421
31 8423
94 8429
52 8434
22 8449
39 8461
12 8506
85 8518
16 8549
16 8554
38 8573
95 8600
56 8616
24 8623
37 8633
78 8663
57 8669
62 8688
26 8732
85 8745
82 8746
47 8784
57 8805
26 8814
92 8844
98 8871
85 8879
49 8889
56 8901
99 8969
96 8971
75 8978
32 8999
67 9021
4 9026
42 9030
55 9038
35 9054
49 9062
95 9065
52 9071
51 9073
79 9092
4 9104
27 9114
74 9130
78 9158
24 9173
37 9185
25 9186
93 9199
61 9201
89 9246
58 9251
62 9289
17 9293
95 9345
63 9366
6 9374
34 9381
32 9424
62 9445
26 9451
72 9488
58 9495
80 9501
39 9557
87 9558
23 9581
72 9613
46 9633
50 9664
10 9672
14 9697
87 9698
44 9714
64 9722
10 9759
66 9773
47 9815
63 9833
92 9866
66 9883
62 9885
29 9892
79 9893
49 9906
99 9911
74 9913
41 9980