88 29
66 54
33 132
97 135
90 143
3 150
91 172
81 173
13 196
55 206
77 207
26 236
90 249
15 251
55 256
1 277
34 283
20 302
11 305
11 335
45 358
72 360
100 381
79 396
49 402
56 409
32 410
99 434
75 450
67 494
4 495
65 498
67 500
15 508
80 533
59 538
39 566
94 570
46 627
57 635
75 644
91 648
13 692
16 716
27 721
18 726
41 742
85 753
57 767
56 794
42 812
94 849
64 859
12 886
65 893
84 900
33 916
45 932
30 970
24 1005
52 1007
77 1009
1 1055
49 1073
35 1081
87 1084
17 1093
57 1095
58 1101
67 1108
34 1110
76 1130
92 1144
86 1155
87 1157
4 1181
26 1211
69 1235
57 1237
13 1332
3 1338
22 1339
63 1343
69 1424
17 1447
6 1449
64 1469
99 1475
13 1490
70 1502
4 1511
73 1515
73 1575
75 1594
40 1600
8 1628
77 1642
35 1656
88 1657
34 1674
40 1683
20 1743
92 1759
22 1765
19 1772
84 1788
55 1796
30 1822
79 1825
69 1833
35 1834
61 1841
7 1925
27 1932
83 1947
21 1961
62 2012
25 2042
46 2084
8 2117
94 2154
74 2167
58 2203
39 2217
25 2222
39 2223
63 2232
97 2274
84 2278
12 2287
45 2334
89 2418
98 2443
63 2452
86 2457
50 2459
62 2461
28 2463
89 2475
49 2488
54 2495
41 2504
69 2512
66 2536
2 2553
48 2580
19 2604
37 2631
56 2632
36 2633
78 2635
76 2637
74 2668
55 2672
14 2700
89 2702
53 2707
29 2713
24 2721
29 2726
77 2734
28 2738
97 2739
38 2760
33 2765
76 2771
35 2800
84 2821
75 2844
28 2862
49 2876
43 2884
71 2895
10 2922
87 2930
12 2933
78 2959
70 3001
27 3003
6 3008
24 3071
45 3091
8 3165
29 3189
3 3196
34 3211
46 3219
71 3266
46 3278
68 3280
23 3300
15 3301
17 3366
91 3374
37 3409
17 3421
79 3451
89 3519
75 3528
37 3552
80 3619
62 3625
72 3634
61 3645
99 3648
46 3650
31 3688
87 3716
22 3738
38 3744
35 3751
57 3754
14 3802
85 3881
92 3889
100 3930
100 3935
83 3966
5 3973
98 3986
8 4009
82 4017
98 4024
10 4040
32 4072
89 4115
51 4124
41 4135
44 4142
94 4160
19 4250
1 4265
17 4271
20 4278
3 4286
6 4288
31 4294
3 4311
26 4316
19 4320
39 4323
27 4353
44 4385
78 4408
64 4415
76 4426
13 4439
73 4456
25 4474
32 4495
40 4512
3 4530
75 4536
14 4613
48 4646
70 4698
44 4734
27 4750
50 4786
72 4802
38 4813
30 4824
22 4831
90 4848
58 4878
39 4901
43 4912
51 4949
61 4976
59 5037
81 5048
84 5096
36 5138
71 5166
35 5169
2 5182
65 5188
75 5202
28 5226
52 5245
69 5277
40 5325
38 5326
51 5363
13 5370
38 5401
76 5405
46 5412
93 5416
17 5436
42 5440
45 5473
24 5492
6 5552
26 5578
67 5598
20 5599
96 5604
98 5608
15 5614
13 5669
92 5686
81 5695
59 5713
80 5714
82 5759
82 5773
30 5793
18 5826
36 5839
97 5897
19 5916
6 5920
36 5958
15 5992
47 6005
15 6011
26 6025
99 6082
77 6106
70 6173
88 6180
41 6183
63 6220
29 6261
5 6266
18 6300
36 6325
12 6348
61 6360
40 6371
12 6452
96 6456
57 6539
46 6550
29 6555
96 6560
22 6564
43 6580
73 6619
83 6638
74 6713
92 6754
42 6771
36 6776
3 6813
96 6820
25 6861
53 6913
64 6925
35 6930
37 6976
99 7003
57 7023
45 7037
65 7068
78 7085
24 7091
54 7096
17 7097
45 7123
98 7154
59 7156
82 7172
16 7179
77 7185
2 7216
41 7231
33 7236
37 7275
45 7284
69 7285
47 7296
79 7312
99 7333
97 7345
72 7402
64 7404
82 7429
68 7430
5 7464
74 7502
64 7526
20 7541
68 7543
46 7545
96 7558
86 7630
66 7663
7 7679
21 7705
97 7710
40 7715
25 7722
55 7747
62 7761
1 7805
21 7843
15 7857
70 7873
77 7899
20 7916
26 7952
8 8001
42 8030
7 8044
2 8072
70 8090
56 8096
48 8098
51 8152
34 8155
30 8164
59 8195
94 8201
29 8231
23 8241
40 8250
91 8266
86 8288
61 8303
33 8309
12 8326
91 8377
6 8379
32 8380
50 8397
62 8428
13 8443
46 8451
89 8460
81 8476
50 8502
73 8531
17 8568
30 8599
37 8601
90 8603
39 8615
71 8622
14 8656
83 8698
28 8719
74 8756
61 8773
96 8774
25 8779
14 8791
4 8849
40 8883
57 8888
50 8908
71 8998
68 9027
54 9030
26 9053
52 9071
3 9075
5 9086
60 9091
21 9127
19 9137
71 9151
43 9161
60 9166
42 9205
88 9246
7 9253
76 9272
41 9302
74 9313
60 9358
29 9390
4 9424
73 9480
13 9544
32 9556
84 9577
58 9605
86 9609
10 9650
19 9688
29 9690
66 9722
77 9752
90 9764
76 9802
47 9810
24 9812
43 9831
77 9850
74 9855
17 9865
85 9876
12 9879
5 9896
69 9908
60 9937
71 9966
99 9993