7 14
13 147
9 169
32 175
86 194
17 231
81 232
32 261
14 292
66 294
21 327
61 364
75 369
43 378
79 452
33 461
44 465
40 469
31 503
48 506
84 569
30 575
12 626
94 645
20 675
81 687
61 751
35 782
63 785
87 808
5 854
98 857
6 858
63 876
98 879
72 887
49 888
12 913
75 940
70 949
1 950
96 958
96 970
82 990
89 1005
12 1017
7 1025
32 1040
13 1042
88 1048
58 1096
49 1097
63 1115
44 1144
14 1152
84 1166
34 1171
41 1179
25 1197
83 1255
29 1294
1 1305
67 1307
83 1318
77 1323
38 1354
70 1372
68 1377
14 1385
70 1394
50 1399
63 1400
73 1409
64 1427
100 1438
40 1445
4 1458
66 1471
61 1483
82 1509
38 1527
80 1558
20 1561
58 1568
46 1606
56 1617
89 1713
58 1717
11 1818
97 1832
17 1833
21 1838
89 1869
26 1913
71 1925
38 1951
9 1960
50 1966
95 2017
48 2039
12 2061
49 2069
75 2070
19 2077
12 2079
15 2090
68 2097
28 2117
46 2120
4 2125
56 2128
85 2140
55 2161
79 2165
54 2166
18 2192
20 2211
14 2220
75 2225
35 2230
39 2253
78 2259
90 2286
75 2287
40 2297
59 2315
95 2323
36 2341
14 2342
32 2347
11 2379
6 2380
35 2386
9 2393
63 2403
82 2436
36 2458
95 2461
9 2475
3 2482
62 2490
59 2508
66 2509
47 2516
60 2518
22 2536
61 2537
94 2545
12 2551
75 2556
16 2559
5 2609
93 2610
73 2618
4 2619
58 2660
17 2715
87 2769
46 2786
75 2811
96 2823
65 2895
27 2986
87 2997
36 3009
1 3074
68 3085
3 3102
58 3109
94 3186
35 3272
81 3273
28 3320
1 3337
3 3340
5 3367
35 3386
59 3460
57 3462
81 3463
61 3493
40 3569
65 3613
5 3751
24 3754
82 3772
32 3801
15 3810
87 3839
46 3847
41 3865
51 3866
93 3897
37 3946
74 3978
49 3982
94 3984
46 3996
52 4005
7 4030
17 4035
1 4042
93 4054
77 4113
97 4118
28 4160
54 4169
66 4183
69 4184
79 4199
83 4204
1 4235
41 4253
2 4270
93 4281
54 4301
83 4304
91 4305
71 4345
63 4367
94 4371
28 4413
10 4441
44 4467
16 4469
60 4484
55 4487
71 4503
91 4510
43 4533
95 4575
84 4598
59 4607
80 4639
23 4654
22 4685
88 4694
71 4715
42 4750
43 4784
70 4795
18 4798
68 4800
64 4812
91 4830
9 4835
40 4871
91 4889
1 4895
84 4910
11 4911
83 4937
28 4940
27 4944
88 4960
55 4972
6 4987
37 5004
43 5011
20 5039
61 5041
13 5064
90 5069
89 5080
99 5086
7 5186
72 5189
52 5196
74 5233
66 5239
93 5245
19 5269
54 5313
47 5337
89 5374
86 5383
14 5384
63 5386
3 5387
58 5391
20 5393
52 5399
6 5405
49 5419
59 5463
20 5504
80 5514
79 5544
29 5551
62 5573
15 5575
69 5598
68 5599
8 5612
6 5625
12 5636
17 5726
28 5744
89 5759
25 5806
100 5836
41 5874
37 5894
27 5941
46 5945
92 5963
94 5979
52 6000
10 6005
47 6031
100 6036
4 6051
95 6096
21 6101
71 6104
29 6113
81 6130
87 6145
69 6198
5 6205
23 6221
16 6261
96 6271
90 6308
35 6313
54 6314
86 6315
98 6357
1 6366
6 6450
81 6455
19 6470
68 6472
50 6481
8 6485
63 6489
36 6542
89 6558
67 6576
60 6577
30 6630
90 6639
18 6669
14 6671
43 6693
66 6719
14 6741
59 6748
7 6760
15 6781
48 6783
11 6809
44 6851
24 6856
72 6858
87 6885
22 6894
96 6905
37 6910
72 6914
95 6938
83 6948
43 7003
94 7010
69 7056
99 7086
68 7125
24 7167
52 7176
49 7218
63 7224
41 7228
46 7246
79 7304
16 7332
12 7370
4 7376
56 7397
81 7417
49 7439
5 7465
21 7497
59 7518
42 7520
59 7534
74 7537
3 7561
42 7576
84 7582
100 7633
64 7645
39 7657
72 7663
6 7665
6 7681
79 7698
98 7701
35 7709
14 7745
3 7764
71 7813
39 7830
19 7840
99 7846
36 7847
59 7937
31 7942
79 7957
24 7975
24 8036
51 8069
67 8146
44 8156
74 8216
23 8227
23 8272
86 8274
41 8284
30 8322
52 8329
58 8350
15 8364
90 8369
20 8392
78 8412
92 8443
5 8484
50 8554
85 8583
84 8598
49 8610
15 8662
47 8684
16 8692
46 8697
84 8744
6 8758
61 8786
65 8815
42 8827
99 8841
4 8842
41 8846
46 8854
75 8901
87 8943
47 8946
43 9020
34 9078
52 9116
78 9131
13 9140
68 9153
2 9155
9 9156
11 9172
75 9180
79 9199
14 9203
71 9207
5 9217
74 9268
49 9280
13 9297
90 9298
91 9310
72 9360
98 9405
82 9429
37 9446
55 9476
35 9478
99 9495
47 9499
81 9516
52 9551
63 9556
64 9584
41 9590
29 9655
9 9679
16 9697
95 9700
24 9728
99 9745
43 9750
59 9754
32 9770
29 9771
21 9840
62 9854
83 9879
4 9885
45 9896
21 9903
33 9906
79 9970
36 9976
59 9983
41 9994