58 2
69 10
58 25
3 34
6 44
11 65
4 68
97 101
60 116
5 123
93 127
53 137
76 141
75 143
34 151
37 178
39 180
62 185
4 272
54 288
14 301
31 309
24 317
16 326
89 338
3 366
56 388
31 446
80 454
28 459
68 602
61 605
83 689
6 710
69 770
21 812
46 857
40 871
90 887
36 903
100 907
6 935
88 938
73 951
94 960
99 973
29 980
39 982
92 990
76 1005
96 1017
14 1084
21 1087
60 1090
30 1120
48 1160
34 1173
45 1178
89 1205
58 1240
45 1266
29 1280
27 1326
31 1335
73 1393
25 1409
94 1440
35 1495
51 1511
98 1525
4 1539
63 1554
55 1595
71 1599
84 1647
67 1652
26 1701
3 1707
79 1739
16 1753
84 1766
34 1781
29 1792
99 1822
40 1836
2 1857
16 1868
36 1884
77 1895
64 1897
99 1926
97 1958
75 1979
40 2000
43 2010
62 2016
54 2021
84 2039
57 2075
100 2077
5 2090
56 2122
70 2128
21 2133
62 2167
37 2179
38 2183
19 2187
71 2208
18 2218
97 2262
21 2288
44 2327
40 2345
32 2350
22 2408
95 2427
25 2435
95 2441
91 2444
80 2460
66 2481
77 2490
9 2503
23 2538
36 2550
26 2555
61 2621
41 2649
9 2694
77 2741
8 2764
23 2785
35 2811
52 2814
54 2852
55 2859
28 2873
9 2891
30 2910
62 2938
17 2979
76 2981
84 3000
16 3043
40 3093
91 3109
92 3115
86 3184
36 3192
100 3196
99 3202
30 3206
14 3216
7 3226
99 3233
39 3247
56 3254
37 3272
69 3335
7 3340
25 3374
81 3399
54 3421
52 3446
28 3450
70 3473
13 3487
68 3567
17 3575
82 3601
15 3657
92 3679
9 3685
32 3691
70 3699
22 3709
74 3715
100 3718
89 3720
10 3721
8 3722
28 3764
72 3769
4 3771
60 3829
1 3838
92 3856
82 3863
15 3868
51 3874
23 3894
63 3906
86 3907
82 3913
24 3920
35 3924
69 3942
99 3980
84 3983
99 3986
58 4016
27 4030
31 4042
70 4052
33 4059
80 4061
68 4064
52 4073
63 4087
48 4108
48 4184
50 4209
22 4225
54 4227
64 4228
30 4242
38 4248
36 4320
18 4324
61 4338
3 4341
9 4402
92 4418
98 4438
69 4439
100 4464
7 4467
33 4488
35 4530
91 4552
48 4604
79 4610
34 4620
16 4666
74 4668
15 4681
18 4701
5 4719
31 4721
63 4734
65 4740
65 4772
70 4777
55 4788
13 4802
55 4827
27 4894
63 4896
81 4905
82 4938
6 4956
32 4965
76 4978
42 5031
27 5040
65 5049
96 5072
57 5086
2 5091
42 5099
58 5110
21 5122
62 5151
37 5195
42 5252
62 5292
29 5298
11 5377
2 5387
18 5394
73 5449
42 5467
44 5518
99 5530
85 5540
74 5549
9 5558
99 5569
62 5579
33 5649
99 5667
54 5671
17 5685
42 5765
63 5826
20 5830
37 5902
43 5912
55 5923
6 5938
100 5973
38 5975
64 5983
88 5989
26 6007
70 6020
71 6047
33 6065
30 6082
47 6101
68 6108
19 6139
68 6152
71 6206
59 6209
92 6217
88 6266
51 6328
56 6345
19 6358
28 6367
77 6388
74 6393
20 6429
69 6447
93 6448
92 6495
67 6515
58 6530
3 6536
17 6550
56 6557
82 6562
99 6617
65 6620
77 6641
31 6663
78 6736
79 6745
37 6746
11 6773
49 6775
73 6783
85 6785
99 6787
52 6795
93 6820
72 6822
10 6859
44 6865
2 6896
87 6932
42 6941
61 6946
95 6975
42 6976
100 6987
70 6989
10 7021
69 7024
70 7050
5 7055
37 7057
94 7068
90 7088
98 7109
88 7114
72 7128
76 7140
12 7171
89 7174
43 7182
41 7187
87 7227
55 7262
15 7280
36 7281
34 7334
37 7364
37 7370
33 7402
95 7423
26 7432
52 7434
23 7440
76 7465
61 7470
65 7487
96 7493
47 7496
65 7497
3 7502
39 7548
55 7561
96 7567
44 7578
3 7590
93 7619
10 7624
97 7626
60 7635
57 7661
53 7662
98 7686
34 7697
77 7723
38 7736
89 7786
13 7836
89 7841
28 7847
2 7895
41 7900
99 7905
26 7927
8 7944
47 7974
60 7984
58 7985
29 8031
41 8058
42 8101
49 8124
52 8154
24 8162
78 8177
100 8179
38 8186
14 8210
6 8217
91 8220
22 8249
88 8264
88 8282
66 8348
61 8353
3 8383
11 8388
39 8395
1 8411
37 8424
88 8535
37 8604
47 8610
74 8636
35 8685
57 8728
88 8759
61 8774
32 8776
85 8827
11 8840
92 8850
96 8855
92 8861
79 8862
24 8884
97 8897
95 8903
55 8916
59 8929
46 8939
31 9026
60 9054
64 9060
96 9141
79 9221
41 9236
89 9239
28 9260
97 9272
69 9301
16 9355
36 9356
53 9370
71 9371
74 9381
29 9411
76 9444
25 9448
44 9454
22 9482
51 9490
52 9557
34 9664
14 9677
80 9679
96 9686
75 9688
29 9704
29 9705
82 9721
16 9731
20 9734
67 9754
83 9785
85 9822
31 9849
99 9903
96 9905
62 9913
52 9919
53 9927
23 9929
51 9940
16 9968
91 9974
2 9985
18 9992