40 4
5 10
5 39
95 89
99 90
85 108
7 117
74 118
20 122
62 126
68 131
41 147
35 153
25 158
67 175
97 183
35 202
13 206
57 213
4 236
43 280
70 303
10 311
64 352
74 367
86 388
19 391
27 404
61 416
55 427
87 429
93 438
37 456
77 489
66 492
79 494
87 502
61 546
12 553
7 612
55 670
82 698
13 701
79 714
73 716
6 799
27 810
65 829
23 897
9 906
26 922
23 928
24 948
10 967
71 991
22 1006
78 1010
69 1023
89 1026
6 1039
55 1054
62 1137
71 1205
82 1254
71 1260
28 1270
92 1278
76 1279
74 1282
43 1316
11 1318
21 1340
38 1362
32 1371
14 1397
71 1408
40 1409
24 1512
64 1523
95 1532
71 1564
84 1577
48 1608
88 1609
81 1613
3 1625
51 1648
35 1696
10 1744
49 1745
71 1813
55 1828
30 1851
62 1870
99 1883
82 1904
4 1916
64 1922
28 1925
3 1928
7 1932
46 1942
24 1977
25 1979
36 2001
60 2026
27 2034
63 2074
63 2105
50 2108
82 2115
94 2136
51 2171
96 2183
72 2186
89 2193
18 2208
33 2251
52 2278
5 2279
67 2285
15 2299
16 2324
16 2360
98 2396
45 2413
20 2433
64 2451
48 2456
71 2475
8 2478
15 2486
94 2499
86 2534
47 2553
67 2559
83 2582
47 2584
28 2620
25 2674
87 2750
61 2767
47 2772
20 2812
60 2819
59 2856
51 2859
70 2909
30 2942
57 2943
8 2945
81 2962
23 3002
95 3017
78 3040
11 3066
83 3107
73 3128
57 3175
87 3192
24 3196
6 3229
87 3241
96 3252
86 3263
11 3296
34 3339
52 3353
97 3382
71 3385
34 3397
43 3422
17 3455
71 3467
62 3500
37 3501
62 3516
98 3521
22 3538
8 3563
20 3595
6 3616
79 3627
45 3665
52 3685
77 3690
81 3711
6 3722
33 3723
80 3729
5 3735
25 3742
100 3758
84 3774
71 3777
95 3788
63 3795
43 3805
28 3806
45 3821
1 3822
98 3861
2 3862
47 3892
81 3930
47 3967
20 4061
20 4062
28 4085
49 4104
28 4109
73 4125
9 4132
37 4163
82 4218
99 4225
43 4242
70 4245
74 4276
51 4297
51 4301
78 4309
21 4319
79 4354
57 4362
59 4365
6 4410
99 4413
20 4446
76 4465
27 4467
48 4502
53 4505
69 4530
69 4556
58 4557
56 4569
91 4621
34 4629
73 4631
13 4645
71 4694
45 4734
99 4738
26 4753
48 4757
43 4774
29 4804
12 4834
54 4939
35 4944
18 4965
11 4993
44 5002
62 5015
53 5016
40 5020
32 5035
45 5062
19 5073
83 5083
44 5095
85 5102
20 5128
94 5141
72 5148
37 5179
11 5181
19 5220
49 5227
25 5241
18 5243
52 5247
86 5267
69 5291
76 5311
13 5320
53 5324
76 5339
84 5345
35 5381
59 5408
42 5458
77 5523
12 5524
27 5530
32 5644
32 5647
4 5702
79 5726
68 5743
82 5748
48 5760
8 5765
79 5769
3 5796
7 5811
91 5828
21 5832
29 5869
36 5886
45 5888
54 5899
12 5900
22 5911
90 5937
5 5963
87 5974
100 5991
14 6000
92 6001
17 6032
50 6040
44 6120
62 6129
9 6135
12 6147
24 6201
89 6238
59 6239
52 6286
5 6289
71 6302
65 6306
62 6327
75 6331
1 6412
65 6422
91 6461
58 6469
93 6472
76 6480
60 6488
23 6489
44 6512
13 6525
19 6594
17 6601
24 6604
64 6605
53 6645
34 6665
98 6666
3 6667
2 6674
20 6727
75 6750
82 6787
97 6814
72 6822
72 6825
96 6853
63 6895
27 6897
72 6932
11 6934
59 7006
23 7014
16 7031
92 7049
52 7052
85 7069
48 7079
78 7081
45 7090
50 7112
63 7145
18 7148
13 7198
90 7225
95 7226
81 7232
34 7242
51 7317
84 7320
30 7337
16 7341
14 7388
34 7401
65 7410
69 7417
88 7427
19 7513
40 7562
5 7570
84 7582
10 7588
73 7636
85 7658
55 7662
65 7701
76 7713
91 7720
26 7723
90 7730
54 7785
32 7900
63 7911
33 7942
92 7966
4 7972
26 8001
31 8007
93 8023
75 8064
66 8083
96 8107
36 8118
75 8138
98 8161
8 8186
43 8192
39 8203
90 8204
58 8212
45 8229
55 8242
17 8271
86 8327
51 8341
27 8347
68 8370
53 8388
27 8419
54 8424
44 8445
60 8473
55 8481
99 8489
51 8497
63 8546
28 8548
27 8556
18 8588
2 8671
74 8680
51 8709
69 8732
37 8780
83 8809
43 8818
9 8831
80 8840
64 8871
22 8876
73 8878
10 8891
16 8905
50 8957
29 8967
31 8991
47 8999
8 9023
55 9045
30 9049
67 9067
89 9081
3 9112
16 9124
7 9190
15 9200
83 9204
61 9219
12 9221
36 9224
48 9240
41 9281
69 9297
30 9306
72 9314
73 9327
10 9361
85 9402
100 9407
93 9411
24 9430
55 9478
33 9482
59 9504
39 9531
16 9539
94 9615
51 9619
60 9622
21 9629
58 9644
3 9652
82 9673
88 9679
59 9696
60 9760
76 9801
69 9877
19 9898
7 9926
12 9942
42 9952
9 9957
67 9967
99 9984