97 2
19 8
62 52
73 59
57 60
75 69
64 77
51 89
88 94
12 99
47 114
97 115
88 123
16 129
44 136
10 143
86 150
50 152
96 158
48 160
84 161
16 162
41 170
34 198
23 202
26 206
8 207
51 210
92 222
54 231
41 261
5 288
7 316
89 324
59 341
87 345
65 349
69 362
88 388
29 393
62 399
77 421
67 430
57 445
44 456
98 457
43 460
15 478
93 504
34 509
36 510
94 518
51 522
70 529
59 534
97 542
53 555
7 565
60 587
46 593
39 620
100 622
55 623
80 626
45 629
88 661
35 666
30 678
3 692
85 738
10 758
34 763
16 773
89 774
9 788
5 798
51 802
18 815
52 818
95 833
24 848
61 856
67 869
49 878
67 886
33 898
35 904
11 905
77 906
84 910
28 912
46 918
91 949
95 951
51 953
10 959
99 969
56 971
100 976
6 992