3 1
38 10
20 11
86 23
46 24
26 33
63 36
19 51
58 76
75 81
17 87
6 93
20 122
4 144
5 172
93 178
97 179
68 182
36 191
20 192
37 201
71 237
95 272
32 279
48 284
50 287
62 294
62 295
64 303
66 309
46 311
85 334
43 336
25 344
30 364
97 367
89 375
67 379
53 384
89 385
44 386
56 389
56 396
8 406
99 412
82 453
66 455
81 464
20 475
40 504
40 535
12 539
92 546
46 559
45 565
78 571
81 580
23 583
90 584
17 600
13 616
14 627
59 633
38 647
25 649
26 650
85 651
82 671
3 685
50 689
83 709
79 711
90 741
58 746
71 755
63 760
2 762
64 764
18 805
18 820
11 827
51 830
83 833
31 835
65 854
99 869
57 893
89 898
5 914
74 922
8 941
90 958
40 969
20 973
3 985
16 987
49 991
16 992
3 996
58 998