87 1
30 11
37 21
97 22
25 24
13 33
41 41
23 48
49 59
32 64
84 81
62 98
47 108
61 146
86 161
28 172
4 174
91 176
47 203
94 205
7 206
94 214
97 215
26 220
78 230
38 250
77 254
54 264
22 265
84 268
19 293
16 311
16 321
45 334
12 352
24 358
45 368
69 393
30 396
22 431
15 441
21 455
17 464
4 466
7 467
77 478
2 496
56 500
72 504
84 506
51 515
48 518
23 519
98 530
26 544
31 552
32 557
94 564
22 571
91 579
33 601
19 603
69 615
44 621
9 627
82 629
12 634
16 642
15 648
10 655
19 659
88 684
24 690
57 714
77 721
59 728
21 731
15 733
98 737
47 752
56 754
95 767
5 808
68 809
88 815
51 819
98 842
38 844
53 890
19 899
37 909
77 911
33 931
21 932
74 934
69 958
64 959
78 963
21 978
20 984