6 17
62 37
29 47
92 51
62 64
62 65
54 72
86 93
55 98
89 138
72 139
57 148
73 200
78 206
51 210
13 211
35 217
99 226
86 232
4 255
87 256
14 260
6 264
39 268
12 277
5 283
85 285
91 290
37 297
75 302
9 318
10 329
42 330
55 340
70 342
63 346
56 350
46 352
25 353
2 354
38 382
9 390
51 393
11 423
30 434
83 437
4 461
92 466
56 467
13 511
98 514
37 517
61 525
83 527
76 546
7 550
79 559
43 561
84 570
42 575
23 580
8 585
20 586
36 588
15 589
77 590
80 600
82 635
73 646
71 655
38 657
2 674
60 694
39 695
80 702
53 715
55 726
64 753
12 768
57 771
47 793
38 796
56 798
23 869
77 876
49 896
81 904
18 915
90 922
11 926
77 929
18 940
90 943
44 960
80 969
19 974
36 985
55 988
89 997
87 999