28 17
21 21
71 32
21 61
6 69
13 70
34 80
83 86
5 95
93 106
13 118
92 127
88 128
1 137
81 147
86 168
54 174
9 176
58 177
64 199
97 208
41 231
29 233
21 240
15 250
96 254
96 255
56 259
77 260
38 267
33 287
47 313
36 321
37 331
92 337
55 348
66 366
53 376
16 385
2 400
8 402
15 404
49 411
45 476
92 478
87 488
54 490
31 512
37 521
9 523
89 524
81 544
48 545
49 558
50 570
75 577
49 609
48 615
34 624
15 648
59 658
63 661
68 663
62 666
18 667
11 675
19 676
29 679
26 686
14 687
55 705
73 710
68 713
3 744
52 749
9 750
69 751
99 779
52 795
9 796
62 803
9 818
79 832
84 849
51 850
74 852
81 866
10 867
55 872
67 882
84 895
92 907
24 911
99 915
50 928
53 942
13 948
40 960
85 977
6 979