61 1
43 7
56 22
68 29
51 45
9 48
96 89
10 90
7 99
33 101
97 105
18 109
66 121
43 123
90 124
12 127
96 128
87 129
25 156
28 164
53 169
67 171
3 174
27 180
99 232
28 233
94 234
38 241
4 242
43 249
16 268
32 275
47 293
53 296
57 299
43 304
100 318
26 342
79 347
30 348
31 382
99 392
96 453
15 458
21 460
94 470
86 483
66 498
28 505
70 512
41 520
42 521
85 528
1 530
24 550
66 554
38 561
7 562
12 588
7 590
84 596
80 612
97 634
4 636
70 646
43 647
31 656
48 659
6 662
64 671
59 680
86 682
84 702
25 704
39 706
83 739
88 772
24 787
21 790
22 792
16 794
62 796
64 801
40 835
63 848
68 855
65 856
7 860
87 863
17 871
57 872
8 877
72 899
16 903
93 908
19 930
32 942
99 965
3 976
28 995