3 8
23 11
84 34
48 36
66 40
25 46
48 51
6 53
69 66
36 73
59 100
19 106
56 111
45 125
72 126
47 134
4 139
48 145
99 181
21 183
95 187
56 217
58 225
33 234
95 263
40 289
22 292
81 295
11 298
16 319
14 322
90 327
74 330
93 335
65 339
100 356
77 362
89 363
16 382
2 394
38 408
50 419
8 432
59 458
81 467
9 468
43 474
57 496
34 498
86 520
48 521
37 528
41 536
72 541
62 545
84 562
89 563
95 566
23 601
40 625
87 627
41 637
3 640
93 652
1 655
68 695
35 699
73 707
99 720
57 725
98 726
77 727
38 732
39 742
19 753
5 759
50 762
40 784
15 785
41 792
78 817
19 819
92 825
66 831
13 847
29 850
30 857
11 864
22 867
67 878
71 880
96 888
100 898
59 911
94 935
92 947
41 949
37 952
39 954
40 986