38 10
21 19
77 34
37 38
48 75
98 88
32 89
45 91
29 105
49 119
93 121
75 125
85 126
86 129
37 171
58 174
78 184
36 203
39 209
83 222
38 226
29 249
96 252
96 261
31 304
87 314
21 323
21 360
47 379
18 385
8 388
16 399
43 400
99 402
39 405
22 408
66 414
50 417
51 420
74 421
99 426
42 432
69 434
5 444
36 455
30 456
52 464
61 465
65 467
90 476
40 489
18 500
87 518
25 524
74 525
17 534
33 539
28 540
67 541
49 550
61 564
70 579
84 632
32 659
52 665
39 674
98 687
15 690
86 702
67 714
7 725
34 732
67 741
77 746
55 748
61 753
74 756
66 766
92 806
94 808
100 809
38 821
20 839
85 850
43 857
31 862
32 869
4 872
74 879
65 900
22 911
68 918
3 931
61 935
25 940
52 945
48 953
49 954
95 961
79 998