65 4
25 17
53 20
8 24
17 38
1 64
27 69
66 71
12 84
28 92
39 93
92 103
19 113
77 125
46 138
38 142
75 146
9 162
30 176
78 177
4 211
15 217
100 225
31 227
56 236
90 239
63 278
66 285
34 297
4 303
96 328
10 330
61 354
84 369
16 380
89 385
37 390
72 393
34 395
28 397
14 405
53 417
42 427
43 438
21 443
25 462
27 468
14 470
47 482
94 493
10 494
35 513
31 515
13 517
26 519
26 539
75 542
82 548
86 550
94 564
58 580
64 581
87 585
93 589
44 592
66 652
7 669
22 670
38 674
79 679
24 700
51 701
48 702
78 705
9 711
4 714
20 725
62 728
87 730
20 732
95 738
99 743
40 745
64 756
60 806
83 819
63 832
42 843
42 865
15 871
43 873
34 875
26 904
8 913
37 935
30 968
96 982
75 984
78 987
35 989