96 11
78 44
60 64
37 70
32 73
63 89
65 94
44 118
8 132
20 145
76 146
89 150
87 162
84 165
49 175
69 176
66 188
2 189
52 203
67 212
64 218
94 243
24 247
28 259
85 269
49 273
70 277
25 285
92 294
87 325
24 326
68 339
13 348
7 363
15 364
75 403
11 415
82 423
29 425
4 436
31 437
41 449
61 472
87 476
39 501
39 502
72 512
51 513
89 539
89 543
56 546
77 559
80 585
49 589
22 590
46 599
55 602
49 606
51 619
76 628
90 653
72 683
99 692
25 709
95 712
35 714
68 718
36 734
89 736
23 739
32 750
12 751
18 757
10 763
39 769
87 774
73 786
79 803
96 815
56 819
31 845
35 863
60 871
22 893
97 894
84 897
6 907
30 908
44 917
18 927
83 928
75 929
52 935
9 942
25 970
45 971
21 974
14 986
72 996
40 999